	Control1	Control7	Control10	Control60	Control6	Control56	Control57	Control59	Chickpea40	Chickpea51	Chickpea52	Chickpea53	Chickpea21	Chickpea22	Chickpea23	Chickpea24
3-Hydroxy Oleanolic acid	-0.399923032	-0.83501663	-1.285554423	-1.256689312	-0.910850839	-1.308163303	-0.712766137	-0.729551314	0.839045828	1.30142745	1.201727493	1.047901975	0.748596872	0.974095739	0.633837878	0.691881755
"9,10,11-TriHOME"	-0.8904994	-1.298822844	-0.275349957	-1.073996467	-1.020163166	-0.650848909	-1.159260961	-1.083858313	1.212280315	0.986724527	1.126656628	1.162796538	0.714994429	0.803879961	0.865883871	0.579583748
"15,16-DiHOME"	-0.805947201	-1.473343251	-0.877212133	-1.247773364	-1.004395957	-0.816793789	-0.955931688	-0.11430117	0.840688514	1.218787088	1.173302991	1.338778295	0.587224079	0.83387767	0.643494334	0.659545582
9-KODE	-0.794512544	-1.467237461	-0.866859434	-1.053636847	-0.072486507	-1.317421408	-1.051722077	-0.641888292	1.113406176	0.971575885	1.153818611	1.299667974	0.567823964	0.748096393	0.787065899	0.624309667
Oleanane triterpene saponin	-0.646764217	-1.144741123	-0.705910836	-1.088967792	-1.127494702	-1.081330971	-0.874794412	-0.41209927	0.232772946	1.521648425	0.581443579	0.127415328	0.848635076	1.355004886	1.293637836	1.121545248
Wogonin	-0.373517714	-0.60745598	-1.110647579	-0.862603124	-0.666487685	-1.616606638	-1.090947042	-0.580279149	-0.216465307	1.475848857	0.578283682	0.883690557	0.964719072	1.29008411	1.218169665	0.714214276
12-OPDA	-0.168016321	-2.242843017	-0.527830696	-1.334076599	-0.60372061	-0.658296614	-0.493000006	-0.562746021	0.971330156	1.069889726	1.294015614	1.348220026	0.39437696	0.623917303	0.496371003	0.392409096
Gentisic acid	-1.242931845	-1.296139392	-0.906922354	-0.872928821	-1.033321771	-1.231911436	-0.551085245	-0.30717189	0.919852094	1.120380618	1.031240099	1.070223111	0.87857722	1.008169225	0.473481941	0.940488446
Feruloylquinic acid	-0.055161192	-0.765121091	-1.421284021	-1.375096592	-0.940306856	-1.16881425	-0.808872115	-0.636243857	0.888924818	0.766305463	0.965609661	1.023593897	0.604531584	0.523417632	0.800635871	1.597881049
8-HODE	-0.128340559	-1.499955372	-0.414255814	-0.622756652	-1.544839351	-0.199535906	-1.562011034	-0.392299439	-0.308566056	1.084169172	1.33448995	1.158362856	0.594143832	0.371298951	1.039734233	1.090361188
Pitheduloside I	-0.712920007	-0.78333714	-0.534173094	-0.991455107	-1.01213697	-0.951265667	-1.346782582	-0.792938245	-0.169544023	1.503439086	0.980880387	0.703970363	0.602028851	1.237078927	1.252589354	1.014565867
Picrotoxinin	-0.26743107	-0.846437461	-1.067601357	-1.058520353	-1.092930852	-1.299952335	-0.538427166	-0.860223226	0.712181162	0.84620491	1.560494889	1.624196723	0.426489483	0.334853213	0.388679703	1.138423737
13(S)-HpODE	0.145725124	-1.526437403	-0.670797271	-1.635392198	-0.677526724	-0.182270253	-0.912210733	-0.788613973	0.750818447	0.891045587	1.284943903	1.770515176	0.5269801	0.693923202	0.721882748	-0.39258573
Dihydroresveratrol	0.072846076	-0.480327092	-0.980126931	-1.17429522	-0.863118043	-1.294847305	-1.236281095	-0.933316935	0.103561767	0.732878251	1.737508875	1.133834931	0.841411666	1.159236326	0.561283457	0.619751272
"9,12,13-TriHOME"	-0.246606336	-1.615426739	-0.631670933	-1.241315786	-1.44313842	-0.401866	-1.025806927	-0.359869878	0.612503866	1.406083956	1.247667739	0.744423986	0.789187158	1.173488768	0.561117814	0.431227734
Tetrahydroxyflavanone glycoside	-0.312824933	-1.283315046	-0.449896903	-1.247399116	-1.046740155	-0.806906031	-1.345389081	-0.42008618	0.902711237	1.218550339	1.441215352	1.608350255	0.39150916	0.572750987	0.479087303	0.298382812
alpha-Eleostearic acid	0.333289287	-1.691417802	-1.170436671	-0.955124462	-1.177245547	-0.450930971	-0.960401863	-0.08567014	1.988439415	0.676450172	1.033469927	0.892897069	0.085406695	0.7142208	0.120383215	0.646670876
Malabaricone C	0.351079295	-1.551572951	-0.330827113	-1.044286911	-1.544856641	-0.646202662	-1.0410745	-1.05117404	0.716414058	0.972201106	1.155873867	0.49272377	0.729691548	1.197299356	0.826048042	0.768663777
"3-OMe-4,5-MD-benzoic acid"	-0.251428967	-0.914511184	-1.121357897	-1.216294305	-0.163876243	-1.030265632	-1.911678752	-0.185442917	0.898093928	0.361379755	1.054952871	0.883399286	0.938637695	0.326995702	1.324238524	1.007158136
CMPF	-0.556025161	-1.183735589	-0.536385097	-0.774038257	-0.772709168	-0.833029797	-1.64576625	-0.500039365	1.044565148	0.919390874	1.651231596	1.704272064	0.291613315	0.469066319	0.461407154	0.260182216
Alboinone	-0.06951889	-1.734607356	0.126950972	-1.158366541	-1.381615109	-0.845991753	-0.762942845	-0.924460139	0.498530469	1.049295681	1.596275147	0.832479169	0.527149326	0.77528033	0.821709537	0.649832003
Mepitiostane	-0.06951889	-1.734607356	0.126950972	-1.158366541	-1.381615109	-0.845991753	-0.762942845	-0.924460139	0.498530469	1.049295681	1.596275147	0.832479169	0.527149326	0.77528033	0.821709537	0.649832003
"9,10-Ep-13-HODE"	-0.085490901	-0.958075258	-0.496605746	-1.683785352	-0.376262949	-0.310261413	-1.069165035	-1.044215042	1.017795992	0.991536227	1.510833393	1.966741829	0.00023756	0.535039617	-0.180386818	0.182063897
6-Hydroxyenterodiol	-0.007864342	-1.856021948	-0.178962173	-0.801812564	-1.420287464	-0.593243259	-1.373559269	-0.46745982	0.695852703	0.95960477	1.234441694	1.369791257	0.335101097	0.791094599	0.663409044	0.649915677
8-iso-15-keto-PGF2alpha	-1.848717751	-1.212870459	0.046429253	-0.157052123	-1.567957353	-0.69438411	-0.604029075	0.119633556	-0.149737704	1.015609482	0.200649487	0.686275422	1.142539505	1.731301165	0.821643415	0.47066729
Uric acid	-0.385922252	-0.07311657	0.750667747	0.903271857	1.212957307	1.374677668	-0.083797318	0.793688404	-2.165607004	-0.811681514	-0.128085689	1.226819865	-0.769076829	-0.789465081	-1.170541397	0.115210805
PG	1.148150536	0.561513687	1.269814641	0.670024803	-0.283635175	1.408985117	1.013081065	0.093673094	-0.522184552	-0.290370693	-2.164066802	-0.453233584	0.13779037	-1.506937238	-0.337791401	-0.744813868
Oleoyl-biotin	0.893712008	0.99193369	0.789264759	0.852252688	0.782573771	0.795492361	0.045965224	0.700477008	-0.808269213	-1.524161381	-1.290526136	-1.212868529	0.700947177	-1.129134376	0.725543927	-1.313202978
N-Carbamoyl-L-methionine	0.606528245	1.736613662	-0.069221218	0.960287928	0.559151977	-0.348807547	2.017384915	0.250930498	-0.814813082	-0.418991378	-0.708423668	-1.332610566	-1.311667389	-0.9387327	0.345357298	-0.532986974
N1-Acetylspermine	-0.465295599	0.907702816	1.119083609	1.132460507	0.050923182	1.776896688	0.39606433	0.387593311	0.562402432	-1.852621012	0.384979464	-0.971995804	-0.898834679	-0.864916815	-1.128071534	-0.536370896
Methylxanthine	0.232274326	0.390844102	0.778287162	-0.791305132	1.242903184	0.608638537	0.979251107	1.165168013	-1.803190867	-0.19034446	1.123514104	-0.350424208	-1.31950186	0.182027901	-1.545673056	-0.702468853
L-Methionine	0.687377668	1.790991457	-0.060631702	1.005270657	0.509104453	-0.30594206	2.019941099	0.001053887	-1.015714161	-0.383112769	-0.601877908	-1.195457747	-1.316466714	-0.912052363	0.28446296	-0.506946757
L-Lysine	0.370048332	1.343984517	-0.406235896	0.828466681	0.955139407	0.009897171	2.02415453	0.316768215	-1.317892058	-0.506727817	-0.832751468	-1.075382245	-1.288231813	-0.984740998	0.763360312	-0.199856869
Dioxovaleric acid	0.623876937	1.244963742	-0.430155037	0.699253014	0.779431414	0.583704471	1.294481853	0.401299242	-1.258904975	-0.367644768	0.040577446	-1.425096503	-2.013454656	0.570995856	0.400686596	-1.144014632
Acetyl-arginine ethyl ester	1.228212821	0.727880355	1.008797484	0.487343354	1.40405557	0.513393113	1.213557219	-0.129906685	-0.459728162	0.459376915	-1.370664967	-1.025395041	-0.476717388	-1.118188386	-1.477041587	-0.984974615
Deoxyinosine	0.760137668	0.076572329	1.441758907	0.829557808	1.139760331	1.307424137	-0.217658505	0.875805353	-0.356063032	-0.07566936	-0.707767837	-1.589046306	-0.394595644	-0.134689628	-1.729502982	-1.226023239
D-Citrulline	0.332209456	1.663542401	-0.640455845	1.123812936	0.850559926	0.7945523	1.242418588	1.063892471	-0.862933474	-0.746925351	-0.664580705	-0.727619564	-1.28519934	-0.556243967	-0.113528987	-1.473500846
Ceanothine D	1.480003236	1.078205406	1.571153882	0.2116768	0.180790356	1.19396679	-0.579611904	0.567563031	0.088253909	-0.12072664	-0.102399248	-0.855474799	-1.583756057	-0.493358037	-1.204045441	-1.432241285
C2 Dihydroceramide	-0.06807673	-0.326511056	1.001621187	0.585381877	0.398266821	-0.049589951	2.232349652	1.247489057	-2.144805385	-0.706056674	-1.171329291	-0.165353673	-0.308241898	-0.053237795	0.023752781	-0.495658922
7-Methoxyflavone	0.911457252	0.345985071	1.227924041	0.895035972	0.943713525	1.161638219	0.437356745	0.632526527	-0.538193554	-0.306744183	-0.296208437	-0.701612915	-0.525027473	-0.457214308	-2.366325429	-1.364311053
"6,8-Dihydroxypurine"	-0.492578797	0.56599101	1.436818843	0.340631727	1.253767336	1.361117661	-0.345030504	0.599006168	0.153119785	-0.289554556	0.099731663	0.436629661	-1.008654622	-0.599505618	-2.257822078	-1.253667677
5-Methyluridine	0.249438521	-0.486980085	0.997875412	0.750142329	1.18944473	1.809507924	-0.638900433	0.670601605	-1.38106036	-0.442405909	-0.632469153	1.329985303	-1.042430097	-0.392845555	-0.742730925	-1.237173308
Cholestene-tetrol	1.469401787	0.812107893	1.504114839	0.505040341	0.629395929	1.00192406	0.47583907	0.884423436	-0.896505532	-0.721786294	-0.96554745	-0.518176984	-1.294065544	-0.572488258	-1.316379606	-0.997297687
3-Oxomyristic acid	-0.375521041	-0.215290448	1.192057506	1.6053753	0.347002244	1.41306099	0.187912256	1.134429894	-1.886252017	0.582205437	-0.960599899	-0.548490557	-0.831536903	0.009154726	-0.513764873	-1.139742614
LysoPE(18:1)	1.140802716	-0.100308626	1.024124257	0.648606354	1.366911472	0.437791517	0.171602251	1.229006944	-0.910216969	-0.432805846	-1.503597606	-2.150513494	-0.654165691	0.326759058	-0.239888971	-0.354107366
PC(18:1/16:0)	0.759364433	1.088217664	0.998128684	1.59208191	-0.082128061	0.755544309	0.269033476	0.689659988	-0.43086189	0.552835213	-0.897292407	-0.116535597	-1.928476457	-0.936761307	-1.183691131	-1.129118829
"15,19-diOH-PGE1"	0.222651377	0.247847437	0.905471041	0.877060837	1.971494644	1.416430524	-0.113920205	-0.055762768	-0.399524065	0.082178466	-1.089438941	-0.087629288	-1.051913992	-0.820611724	-0.043264869	-2.061068475
PE(P-18:0/22:6)	1.221366134	0.220738463	-0.182077842	1.430554715	1.267476837	1.624551771	0.342581758	0.402156957	-0.894396135	-0.73092589	-1.401000052	-1.015780171	-0.83021088	-0.040130109	-0.061505915	-1.35339964
Oleanolic acid GlcNAc	-0.388981842	1.400401971	0.777746718	0.049803967	2.149977387	0.150747944	1.287242742	0.475007559	-0.068083996	-0.701215822	-0.461671147	-1.451116061	-0.929606332	-0.299555034	-0.964643669	-1.026054386
2-Aminonicotinic acid	0.075496851	0.954766009	0.482833881	-1.00561364	1.114034412	0.163788017	1.125802113	1.775256888	0.142473599	0.136024948	0.222527209	-1.361075111	-1.902380349	-0.531185323	-1.108405323	-0.284344178
