	Control1	Control7	Control10	Control60	Control6	Control56	Control57	Control59	Chickpea40	Chickpea51	Chickpea52	Chickpea53	Chickpea21	Chickpea22	Chickpea23	Chickpea24
Romboutsia timonensis	-2.088842391	-4.301029996	-4.301029996	-4.301029996	-4.301029996	-4.301029996	-3.455931956	-1.590912631	-4.301029996	-4.301029996	-4.301029996	-4.301029996	-4.301029996	-4.301029996	-4.301029996	-4.301029996
Ralstonia sp. 80	-3.187086643	-2.66756154	-3.259637311	-2.361510743	-2.351639989	-2.576754126	-2.381951903	-3.187086643	-3.346787486	-4.301029996	-3.823908741	-4.301029996	-2.782516056	-3.455931956	-4.301029996	-4.301029996
Prevotella aff. ruminicola Tc2-24	-3.455931956	-1.741123371	-2.647817482	-2.255707017	-4.301029996	-3.259637311	-3.070581074	-4.301029996	-3.346787486	-3.602059991	-4.301029996	-3.124938737	-4.301029996	-4.301029996	-4.301029996	-4.301029996
Herbaspirillum sp. PIV-34-1	-2.332547047	-1.643018599	-2.647817482	-1.39631445	-0.979845968	-1.401756808	-1.18809002	-2.314258261	-2.709965389	-3.259637311	-3.823908741	-3.602059991	-1.743522794	-2.978810701	-3.022276395	-3.07E+00
Burkholderia sp. 14	-4.301029996	-3.022276395	-3.823908741	-2.838631998	-3.022276395	-2.838631998	-2.576754126	-3.823908741	-4.301029996	-4.301029996	-4.301029996	-4.301029996	-3.187086643	-4.301029996	-4.301029996	-4.301029996
Achromobacter xylosoxidans	-4.301029996	-3.259637311	-4.301029996	-2.628932138	-2.838631998	-2.732828272	-2.610833916	-3.602059991	-3.823908741	-4.301029996	-4.301029996	-4.301029996	-2.93930216	-3.823908741	-4.301029996	-3.60E+00
Solobacterium moorei	-1.83120798	-2.271646218	-2.271646218	-2.305394801	-1.828273546	-2.015472687	-2.437707136	-2.053056729	-1.109299602	-1.843148099	-1.680893941	-1.891096872	-1.513569521	-1.465339424	-1.535361441	-1.080660363
Microbacterium sp.	-3.602059991	-4.301029996	-4.301029996	-3.823908741	-4.301029996	-4.301029996	-3.823908741	-4.301029996	-0.946345442	-1.644931794	-4.301029996	-2.462180905	-1.539854183	-4.301029996	-3.187086643	-1.597738618
Lactobacillus johnsonii	-4.301029996	-3.070581074	-2.145693958	-3.602059991	-3.346787486	-3.346787486	-4.301029996	-2.978810701	-2.392544977	-1.33866066	-2.361510743	-2.271646218	-2.474955193	-2.296708622	-2.038578906	-4.301029996
Levilactobacillus brevis	-2.59345982	-2.709965389	-2.869666232	-3.259637311	-2.488116639	-2.688246139	-2.809668302	-2.978810701	-2.782516056	-2.425968732	-2.279840697	-3.124938737	-2.288192771	-2.033858267	-2.403402904	-2.177178355
Blautia wexlerae	-1.775985189	-2.838631998	-3.346787486	-3.346787486	-4.301029996	-3.823908741	-3.823908741	-3.346787486	-2.177178355	-2.501689446	-2.501689446	-2.628932138	-2.66756154	-3.124938737	-3.124938737	-2.501689446
Ruthenibacterium lactatiformans	-4.301029996	-4.301029996	-4.301029996	-4.301029996	-4.301029996	-4.301029996	-4.301029996	-4.301029996	-3.187086643	-4.301029996	-4.301029996	-3.602059991	-3.124938737	-2.305394801	-2.190440285	-3.26E+00
Enterococcus faecium	-3.346787486	-4.301029996	-3.823908741	-4.301029996	-4.301029996	-4.301029996	-4.301029996	-3.823908741	-3.602059991	-3.259637311	-2.709965389	-2.809668302	-4.301029996	-2.628932138	-2.66756154	-2.530177984
Ileibacterium valens	-3.346787486	-3.823908741	-2.93930216	-4.301029996	-4.301029996	-3.602059991	-4.301029996	-3.823908741	-2.530177984	-3.602059991	-2.756961951	-2.903089987	-3.022276395	-3.070581074	-2.93930216	-2.688246139
Lactobacillus gasseri	-4.301029996	-4.301029996	-3.259637311	-4.301029996	-4.301029996	-3.602059991	-4.301029996	-4.301029996	-3.259637311	-2.41453927	-3.259637311	-3.259637311	-3.823908741	-3.070581074	-2.782516056	-4.301029996
Floccifex porci	-3.602059991	-3.455931956	-3.823908741	-4.301029996	-2.903089987	-3.823908741	-3.823908741	-3.455931956	-2.782516056	-3.602059991	-3.259637311	-3.022276395	-3.259637311	-3.455931956	-2.869666232	-3.19E+00
Pediococcus pentosaceus	-4.301029996	-3.259637311	-2.628932138	-4.301029996	-3.455931956	-4.301029996	-3.455931956	-3.455931956	-3.070581074	-2.647817482	-3.346787486	-3.070581074	-3.455931956	-3.124938737	-3.187086643	-2.978810701
Adlercreutzia caecimuris	-2.732828272	-4.301029996	-3.602059991	-4.301029996	-3.124938737	-3.602059991	-3.823908741	-4.301029996	-3.070581074	-3.455931956	-2.809668302	-2.809668302	-2.93930216	-2.978810701	-3.070581074	-2.709965389
																
																
																
																
