	Control1	Control7	Control10	Control60	Control6	Control56	Control57	Control59	Chickpea40	Chickpea51	Chickpea52	Chickpea53	Chickpea21	Chickpea22	Chickpea23	Chickpea24								
Colon organ coefficient 	5.111498258	4.985964912	5.484210526	9.715789474	7.451492537	11.74216028	8.887640449	7.831541219	5.229323308	4.778846154	5.261904762	4.894736842	5.73381295	5.517605634	6.02	4.293680297								
DAI	43.5	51	37	42	46	35.5	42.5	47.5	47	36	30	37.5	42	21	34	35								
tumor number	2	3	3	6	3	6	4	3	2	0	2	2	3	2	2	2								
Average tumor size	10.615735	10.00076485	7.274921333	13.14133533	10.31368167	16.34007125	7.6417355	17.88656467	0.701784	0	1.685394	0.65824	3.903887333	11.462472	21.5224515	2.359375								
Total Tumor size	21.23147	30.00229454	21.824764	78.848012	30.941045	98.0404275	30.566942	53.659694	6.738472	11.462472	8.4394695	1.685394	21.5224515	1.685394	11.711662	16.8279565								
Cox-2	0.813977	0.372122	0.458196	0.655759	1.031628	4.192807	1.445115	1.369147	0.09	0.12	0.39	0.35	0.13	0.07	0.34	0.28								
C-myc	0.72551	0.22567	0.719584	2.48115	1.494761	0.999609	2.777906	1.82803	0.01	0.04	0.04	0.04	0.05	0.02	0.03	0.01								
TNF-alpha	3.33	3.09	2.23	2.925441	2.790164	2.626755	4.081475	6.109544	0.03	0.74	1.38	1.45	1.62	0.15	0.16	0.17								
Axin-2	2.38	2.19	2.39	2.32352	2.173961	2.311564	2.984034	4.22802	0.08	1.53	2.6	2.63	3.1	0.34	0.43	0.41								
IL-6	1.785861	1.902022	3.12635	1.688456	1.098669	0.890774	0.136517	0.20093	4.62	0.44	0.25	0.33	0.35	6.08	6.99	8.68								
IL-1beta	1.607632	0.421333	2.462227	0.127224	3.175037	1.386443	0.811995	1.416973	0.06	0.3	0.03	0.04	0.04	0.01	0	0								
																								
																								
																								
																								
																								
																								
																								
																								
																								
																								
																								
																								
																								
